59
131
141
23
180
431
481
70
443
12
304
349
437
290
440
341
369
76
405
119
147
13
65
463
55
84
406
136
497
80
381
241
374
137
258
393
253
209
407
179
215
190
372
56
113
358
404
318
93
100
89
217
467
4
375
484
396
103
444
363
213
323
153
210
176
457
269
115
92
163
97
435
272
244
322
376
423
274
439
174
127
247
292
87
476
250
434
270
122
394
333
257
474
51
302
344
383
465
234
196
430
77
219
63
44
353
139
494
248
366
263
379
419
469
121
110
201
355
207
94
451
25
109
71
284
226
346
392
242
418
52
460
425
441
151
36
448
310
342
102
173
400
78
83
46
336
114
385
189
146
134
68
329
170
112
101
230
254
34
255
432
53
300
11
493
445
314
264
273
486
32
105
27
398
140
360
447
143
357
390
6
382
319
387
301
498
82
177
477
368
466
488
321
211
409
410
246
155
197
21
172
31
164
340
227
205
200
438
161
74
279
464
14
249
183
187
334
120
29
194
162
415
50
37
458
111
2
64
212
303
307
208
33
401
231
313
452
148
158
7
280
88
216
365
339
416
261
275
203
251
317
487
128
411
315
335
145
43
356
8
412
124
239
305
156
267
98
54
90
450
38
26
459
294
495
17
424
298
235
359
45
453
117
422
352
283
331
154
371
473
35
171
311
324
220
421
10
361
19
72
150
499
472
225
403
436
67
75
281
320
259
106
471
384
402
198
325
446
133
282
202
449
271
160
166
222
108
260
186
168
199
252
455
491
175
287
380
490
492
195
49
142
347
48
309
470
73
480
192
426
15
47
22
57
468
414
456
293
69
291
478
126
86
218
285
79
165
330
62
442
386
1
193
485
348
95
427
138
228
159
299
337
370
132
18
135
204
118
297
328
224
178
223
9
60
350
20
181
214
66
482
475
30
107
351
229
265
399
237
295
185
182
345
256
496
308
243
286
306
500
116
233
479
289
413
296
149
378
420
188
39
91
99
221
266
388
429
408
232
61
389
367
278
42
16
58
5
123
184
81
3
462
262
276
152
41
326
417
364
354
96
268
277
157
245
316
169
395
24
327
240
373
377
236
40
362
489
397
129
391
288
191
125
238
433
206
144
461
343
104
85
428
28
454
483
338
312
332
167
130
